(13358, 12176) (5726, 12176)
(13358, 2532) (5726, 2532)
Logistic Regression
64.00641322135925
0.04097604751586914
              precision    recall  f1-score   support

           0     1.0000    0.9239    0.9605      2484
           1     0.9449    1.0000    0.9717      3242

    accuracy                         0.9670      5726
   macro avg     0.9725    0.9620    0.9661      5726
weighted avg     0.9688    0.9670    0.9668      5726

[[2295  189]
 [   0 3242]]

SVM
218.4105875492096
86.37682700157166
              precision    recall  f1-score   support

           0     0.9991    0.9022    0.9482      2484
           1     0.9302    0.9994    0.9636      3242

    accuracy                         0.9572      5726
   macro avg     0.9647    0.9508    0.9559      5726
weighted avg     0.9601    0.9572    0.9569      5726

[[2241  243] 
 [   2 3240]]

Decision Tree
175.89173007011414
0.09294462203979492
              precision    recall  f1-score   support

           0     1.0000    0.9167    0.9565      2484
           1     0.9400    1.0000    0.9691      3242

    accuracy                         0.9638      5726
   macro avg     0.9700    0.9583    0.9628      5726
weighted avg     0.9660    0.9638    0.9636      5726

[[2277  207]
 [   0 3242]]

kNN
14.019365787506104
91.55895519256592
              precision    recall  f1-score   support

           0     0.9981    0.8277    0.9049      2484
           1     0.8833    0.9988    0.9375      3242

    accuracy                         0.9246      5726
   macro avg     0.9407    0.9132    0.9212      5726
weighted avg     0.9331    0.9246    0.9234      5726

[[2056  428]
 [   4 3238]]

Naive Bayes
0.8254897594451904
0.584641695022583
              precision    recall  f1-score   support

           0     0.9977    0.8708    0.9299      2484
           1     0.9098    0.9985    0.9521      3242

    accuracy                         0.9431      5726
   macro avg     0.9537    0.9346    0.9410      5726
weighted avg     0.9479    0.9431    0.9425      5726

[[2163  321]
 [   5 3237]]

Random Forest
114.09689569473267
0.6936447620391846
              precision    recall  f1-score   support

           0     1.0000    0.9134    0.9548      2484
           1     0.9378    1.0000    0.9679      3242

    accuracy                         0.9625      5726
   macro avg     0.9689    0.9567    0.9613      5726
weighted avg     0.9648    0.9625    0.9622      5726

[[2269  215]
 [   0 3242]]